time,client,queue,value,total
2025-05-20T06:08:00,pgmb-1,test_queue_0,333905,333905
2025-05-20T06:08:10,pgmb-1,test_queue_0,326995,660900
2025-05-20T06:08:20,pgmb-1,test_queue_0,328500,989400
2025-05-20T06:08:30,pgmb-1,test_queue_0,261500,1250900
2025-05-20T06:08:40,pgmb-1,test_queue_0,323500,1574400
2025-05-20T06:08:50,pgmb-1,test_queue_0,322000,1896400
2025-05-20T06:09:00,pgmb-1,test_queue_0,321500,2217900
2025-05-20T06:09:10,pgmb-1,test_queue_0,315500,2533400
2025-05-20T06:09:20,pgmb-1,test_queue_0,320000,2853400
2025-05-20T06:09:30,pgmb-1,test_queue_0,315000,3168400
2025-05-20T06:09:40,pgmb-1,test_queue_0,273500,3441900
2025-05-20T06:09:50,pgmb-1,test_queue_0,311500,3753400
2025-05-20T06:10:00,pgmb-1,test_queue_0,311000,4064400
2025-05-20T06:10:10,pgmb-1,test_queue_0,304500,4368900
2025-05-20T06:10:20,pgmb-1,test_queue_0,313500,4682400
2025-05-20T06:10:30,pgmb-1,test_queue_0,312500,4994900
2025-05-20T06:10:40,pgmb-1,test_queue_0,308500,5303400
2025-05-20T06:10:50,pgmb-1,test_queue_0,306500,5609900
2025-05-20T06:11:00,pgmb-1,test_queue_0,309500,5919400
2025-05-20T06:11:10,pgmb-1,test_queue_0,304000,6223400
2025-05-20T06:11:20,pgmb-1,test_queue_0,298000,6521400
2025-05-20T06:11:30,pgmb-1,test_queue_0,312500,6833900
2025-05-20T06:11:40,pgmb-1,test_queue_0,312000,7145900
2025-05-20T06:11:50,pgmb-1,test_queue_0,309500,7455400
2025-05-20T06:12:00,pgmb-1,test_queue_0,311500,7766900
2025-05-20T06:12:10,pgmb-1,test_queue_0,305000,8071900
2025-05-20T06:12:20,pgmb-1,test_queue_0,307000,8378900
2025-05-20T06:12:30,pgmb-1,test_queue_0,310500,8689400
2025-05-20T06:12:40,pgmb-1,test_queue_0,301500,8990900
2025-05-20T06:12:50,pgmb-1,test_queue_0,295500,9286400
2025-05-20T06:13:00,pgmb-1,test_queue_0,310000,9596400
2025-05-20T06:13:10,pgmb-1,test_queue_0,306000,9902400
2025-05-20T06:13:20,pgmb-1,test_queue_0,309500,10211900
2025-05-20T06:13:30,pgmb-1,test_queue_0,302500,10514400
2025-05-20T06:13:40,pgmb-1,test_queue_0,307000,10821400
2025-05-20T06:13:50,pgmb-1,test_queue_0,310500,11131900
2025-05-20T06:14:00,pgmb-1,test_queue_0,302500,11434400
2025-05-20T06:14:10,pgmb-1,test_queue_0,298000,11732400
2025-05-20T06:14:20,pgmb-1,test_queue_0,301000,12033400
2025-05-20T06:14:30,pgmb-1,test_queue_0,305500,12338900
2025-05-20T06:14:40,pgmb-1,test_queue_0,304500,12643400
2025-05-20T06:14:50,pgmb-1,test_queue_0,301000,12944400
2025-05-20T06:15:00,pgmb-1,test_queue_0,307000,13251400
2025-05-20T06:15:10,pgmb-1,test_queue_0,304500,13555900
2025-05-20T06:15:20,pgmb-1,test_queue_0,302500,13858400
2025-05-20T06:15:30,pgmb-1,test_queue_0,295500,14153900
2025-05-20T06:15:40,pgmb-1,test_queue_0,292500,14446400
2025-05-20T06:15:50,pgmb-1,test_queue_0,298000,14744400
2025-05-20T06:16:00,pgmb-1,test_queue_0,304000,15048400
2025-05-20T06:16:10,pgmb-1,test_queue_0,308000,15356400
2025-05-20T06:16:20,pgmb-1,test_queue_0,305500,15661900
2025-05-20T06:16:30,pgmb-1,test_queue_0,311500,15973400
2025-05-20T06:16:40,pgmb-1,test_queue_0,295500,16268900
2025-05-20T06:16:50,pgmb-1,test_queue_0,302000,16570900
2025-05-20T06:17:00,pgmb-1,test_queue_0,290500,16861400
2025-05-20T06:17:10,pgmb-1,test_queue_0,294500,17155900
2025-05-20T06:17:20,pgmb-1,test_queue_0,306000,17461900
2025-05-20T06:17:30,pgmb-1,test_queue_0,305500,17767400
2025-05-20T06:17:40,pgmb-1,test_queue_0,303500,18070900
2025-05-20T06:17:50,pgmb-1,test_queue_0,300500,18371400
2025-05-20T06:18:00,pgmb-1,test_queue_0,292500,18663900
2025-05-20T06:18:10,pgmb-1,test_queue_0,293500,18957400
2025-05-20T06:18:20,pgmb-1,test_queue_0,296000,19253400
2025-05-20T06:18:30,pgmb-1,test_queue_0,296500,19549900
2025-05-20T06:18:40,pgmb-1,test_queue_0,301500,19851400
2025-05-20T06:18:50,pgmb-1,test_queue_0,307500,20158900
2025-05-20T06:19:00,pgmb-1,test_queue_0,292500,20451400
2025-05-20T06:19:10,pgmb-1,test_queue_0,299500,20750900
2025-05-20T06:19:20,pgmb-1,test_queue_0,295000,21045900
2025-05-20T06:19:30,pgmb-1,test_queue_0,295000,21340900
2025-05-20T06:19:40,pgmb-1,test_queue_0,293000,21633900
2025-05-20T06:19:50,pgmb-1,test_queue_0,305000,21938900
2025-05-20T06:20:00,pgmb-1,test_queue_0,296000,22234900
2025-05-20T06:20:10,pgmb-1,test_queue_0,290500,22525400
2025-05-20T06:20:20,pgmb-1,test_queue_0,291500,22816900
2025-05-20T06:20:30,pgmb-1,test_queue_0,297500,23114400
2025-05-20T06:20:40,pgmb-1,test_queue_0,293000,23407400
2025-05-20T06:20:50,pgmb-1,test_queue_0,295000,23702400
2025-05-20T06:21:00,pgmb-1,test_queue_0,289000,23991400
2025-05-20T06:21:10,pgmb-1,test_queue_0,296000,24287400
2025-05-20T06:21:20,pgmb-1,test_queue_0,292500,24579900
2025-05-20T06:21:30,pgmb-1,test_queue_0,288000,24867900
2025-05-20T06:21:40,pgmb-1,test_queue_0,294500,25162400
2025-05-20T06:21:50,pgmb-1,test_queue_0,295500,25457900
2025-05-20T06:22:00,pgmb-1,test_queue_0,295500,25753400
2025-05-20T06:22:10,pgmb-1,test_queue_0,288000,26041400
2025-05-20T06:22:20,pgmb-1,test_queue_0,290500,26331900
2025-05-20T06:22:30,pgmb-1,test_queue_0,292500,26624400
2025-05-20T06:22:40,pgmb-1,test_queue_0,292000,26916400
2025-05-20T06:22:50,pgmb-1,test_queue_0,300000,27216400
2025-05-20T06:23:00,pgmb-1,test_queue_0,291500,27507900
2025-05-20T06:23:10,pgmb-1,test_queue_0,293500,27801400
2025-05-20T06:23:20,pgmb-1,test_queue_0,290500,28091900
2025-05-20T06:23:30,pgmb-1,test_queue_0,293000,28384900
2025-05-20T06:23:40,pgmb-1,test_queue_0,290500,28675400
2025-05-20T06:23:50,pgmb-1,test_queue_0,292500,28967900
2025-05-20T06:24:00,pgmb-1,test_queue_0,292500,29260400
2025-05-20T06:24:10,pgmb-1,test_queue_0,287500,29547900
2025-05-20T06:24:20,pgmb-1,test_queue_0,292000,29839900
2025-05-20T06:24:30,pgmb-1,test_queue_0,284500,30124400
2025-05-20T06:24:40,pgmb-1,test_queue_0,287000,30411400
2025-05-20T06:24:50,pgmb-1,test_queue_0,296000,30707400
2025-05-20T06:25:00,pgmb-1,test_queue_0,288500,30995900
2025-05-20T06:25:10,pgmb-1,test_queue_0,291500,31287400
2025-05-20T06:25:20,pgmb-1,test_queue_0,202000,31489400
2025-05-20T06:25:30,pgmb-1,test_queue_0,148500,31637900
2025-05-20T06:25:40,pgmb-1,test_queue_0,91500,31729400
2025-05-20T06:25:50,pgmb-1,test_queue_0,39500,31768900
2025-05-20T06:26:00,pgmb-1,test_queue_0,126000,31894900
2025-05-20T06:26:10,pgmb-1,test_queue_0,54500,31949400
2025-05-20T06:26:20,pgmb-1,test_queue_0,89500,32038900
2025-05-20T06:26:30,pgmb-1,test_queue_0,79000,32117900
2025-05-20T06:26:40,pgmb-1,test_queue_0,79000,32196900
2025-05-20T06:26:50,pgmb-1,test_queue_0,99500,32296400
2025-05-20T06:27:00,pgmb-1,test_queue_0,96500,32392900
2025-05-20T06:27:10,pgmb-1,test_queue_0,71500,32464400
2025-05-20T06:27:20,pgmb-1,test_queue_0,25500,32489900
2025-05-20T06:27:30,pgmb-1,test_queue_0,103500,32593400
2025-05-20T06:27:40,pgmb-1,test_queue_0,71500,32664900
2025-05-20T06:27:50,pgmb-1,test_queue_0,57000,32721900
2025-05-20T06:28:00,pgmb-1,test_queue_0,64000,32785900
2025-05-20T06:28:10,pgmb-1,test_queue_0,78500,32864400
2025-05-20T06:28:20,pgmb-1,test_queue_0,56500,32920900
2025-05-20T06:28:30,pgmb-1,test_queue_0,73500,32994400
2025-05-20T06:28:40,pgmb-1,test_queue_0,76500,33070900
2025-05-20T06:28:50,pgmb-1,test_queue_0,75500,33146400
2025-05-20T06:29:00,pgmb-1,test_queue_0,78000,33224400
2025-05-20T06:29:10,pgmb-1,test_queue_0,25000,33249400
2025-05-20T06:29:20,pgmb-1,test_queue_0,58500,33307900
2025-05-20T06:29:30,pgmb-1,test_queue_0,107000,33414900
2025-05-20T06:29:40,pgmb-1,test_queue_0,67500,33482400
2025-05-20T06:29:50,pgmb-1,test_queue_0,62500,33544900
2025-05-20T06:30:00,pgmb-1,test_queue_0,63000,33607900
2025-05-20T06:30:10,pgmb-1,test_queue_0,73500,33681400
2025-05-20T06:30:20,pgmb-1,test_queue_0,128000,33809400
2025-05-20T06:30:30,pgmb-1,test_queue_0,127000,33936400
2025-05-20T06:30:40,pgmb-1,test_queue_0,115500,34051900
2025-05-20T06:30:50,pgmb-1,test_queue_0,142500,34194400
2025-05-20T06:31:00,pgmb-1,test_queue_0,55500,34249900
2025-05-20T06:31:10,pgmb-1,test_queue_0,27000,34276900
2025-05-20T06:31:20,pgmb-1,test_queue_0,47000,34323900
2025-05-20T06:31:30,pgmb-1,test_queue_0,110500,34434400
2025-05-20T06:31:40,pgmb-1,test_queue_0,82000,34516400
2025-05-20T06:31:50,pgmb-1,test_queue_0,66500,34582900
2025-05-20T06:32:00,pgmb-1,test_queue_0,76000,34658900
2025-05-20T06:32:10,pgmb-1,test_queue_0,80000,34738900
2025-05-20T06:32:20,pgmb-1,test_queue_0,81000,34819900
2025-05-20T06:32:30,pgmb-1,test_queue_0,78500,34898400
2025-05-20T06:32:40,pgmb-1,test_queue_0,83500,34981900
2025-05-20T06:32:50,pgmb-1,test_queue_0,86000,35067900
2025-05-20T06:33:00,pgmb-1,test_queue_0,72500,35140400
2025-05-20T06:33:10,pgmb-1,test_queue_0,24000,35164400
2025-05-20T06:33:20,pgmb-1,test_queue_0,57000,35221400
2025-05-20T06:33:30,pgmb-1,test_queue_0,87000,35308400
2025-05-20T06:33:40,pgmb-1,test_queue_0,63500,35371900
2025-05-20T06:33:50,pgmb-1,test_queue_0,58000,35429900
2025-05-20T06:34:00,pgmb-1,test_queue_0,68000,35497900
2025-05-20T06:34:10,pgmb-1,test_queue_0,79000,35576900
2025-05-20T06:34:20,pgmb-1,test_queue_0,64500,35641400
2025-05-20T06:34:30,pgmb-1,test_queue_0,73000,35714400
2025-05-20T06:34:40,pgmb-1,test_queue_0,74500,35788900
2025-05-20T06:34:50,pgmb-1,test_queue_0,71000,35859900
2025-05-20T06:35:00,pgmb-1,test_queue_0,69500,35929400
2025-05-20T06:35:10,pgmb-1,test_queue_0,66500,35995900
2025-05-20T06:35:20,pgmb-1,test_queue_0,42000,36037900
2025-05-20T06:35:30,pgmb-1,test_queue_0,42000,36079900
2025-05-20T06:35:40,pgmb-1,test_queue_0,65000,36144900
2025-05-20T06:35:50,pgmb-1,test_queue_0,68500,36213400
2025-05-20T06:36:00,pgmb-1,test_queue_0,58000,36271400
2025-05-20T06:36:10,pgmb-1,test_queue_0,61000,36332400
2025-05-20T06:36:20,pgmb-1,test_queue_0,51000,36383400
2025-05-20T06:36:30,pgmb-1,test_queue_0,64000,36447400
2025-05-20T06:36:40,pgmb-1,test_queue_0,70000,36517400
2025-05-20T06:36:50,pgmb-1,test_queue_0,77000,36594400
2025-05-20T06:37:00,pgmb-1,test_queue_0,71000,36665400
2025-05-20T06:37:10,pgmb-1,test_queue_0,60000,36725400
2025-05-20T06:37:20,pgmb-1,test_queue_0,56000,36781400
2025-05-20T06:37:30,pgmb-1,test_queue_0,47500,36828900
2025-05-20T06:37:40,pgmb-1,test_queue_0,27500,36856400
2025-05-20T06:37:50,pgmb-1,test_queue_0,23500,36879900
2025-05-20T06:38:00,pgmb-1,test_queue_0,62500,36942400
2025-05-20T06:38:10,pgmb-1,test_queue_0,100500,37042900
2025-05-20T06:38:20,pgmb-1,test_queue_0,59500,37102400
2025-05-20T06:38:30,pgmb-1,test_queue_0,59500,37161900
2025-05-20T06:38:40,pgmb-1,test_queue_0,63500,37225400
2025-05-20T06:38:50,pgmb-1,test_queue_0,69000,37294400
2025-05-20T06:39:00,pgmb-1,test_queue_0,60000,37354400
2025-05-20T06:39:10,pgmb-1,test_queue_0,70500,37424900
2025-05-20T06:39:20,pgmb-1,test_queue_0,66000,37490900
2025-05-20T06:39:30,pgmb-1,test_queue_0,63500,37554400
2025-05-20T06:39:40,pgmb-1,test_queue_0,66500,37620900
2025-05-20T06:39:50,pgmb-1,test_queue_0,71500,37692400
2025-05-20T06:40:00,pgmb-1,test_queue_0,51500,37743900
2025-05-20T06:40:10,pgmb-1,test_queue_0,39000,37782900
2025-05-20T06:40:20,pgmb-1,test_queue_0,97500,37880400
2025-05-20T06:40:30,pgmb-1,test_queue_0,78000,37958400
2025-05-20T06:40:40,pgmb-1,test_queue_0,62000,38020400
2025-05-20T06:40:50,pgmb-1,test_queue_0,54500,38074900
2025-05-20T06:41:00,pgmb-1,test_queue_0,83000,38157900
2025-05-20T06:41:10,pgmb-1,test_queue_0,65500,38223400
2025-05-20T06:41:20,pgmb-1,test_queue_0,82000,38305400
2025-05-20T06:41:30,pgmb-1,test_queue_0,74500,38379900
2025-05-20T06:41:40,pgmb-1,test_queue_0,72500,38452400
2025-05-20T06:41:50,pgmb-1,test_queue_0,70000,38522400
2025-05-20T06:42:00,pgmb-1,test_queue_0,32500,38554900
2025-05-20T06:42:10,pgmb-1,test_queue_0,30500,38585400
2025-05-20T06:42:20,pgmb-1,test_queue_0,93500,38678900
2025-05-20T06:42:30,pgmb-1,test_queue_0,97000,38775900
2025-05-20T06:42:40,pgmb-1,test_queue_0,67500,38843400
2025-05-20T06:42:50,pgmb-1,test_queue_0,65500,38908900
2025-05-20T06:43:00,pgmb-1,test_queue_0,77000,38985900
2025-05-20T06:43:10,pgmb-1,test_queue_0,87000,39072900
2025-05-20T06:43:20,pgmb-1,test_queue_0,77500,39150400
2025-05-20T06:43:30,pgmb-1,test_queue_0,81500,39231900
2025-05-20T06:43:40,pgmb-1,test_queue_0,79500,39311400
2025-05-20T06:43:50,pgmb-1,test_queue_0,72000,39383400
2025-05-20T06:44:00,pgmb-1,test_queue_0,65500,39448900
2025-05-20T06:44:10,pgmb-1,test_queue_0,27500,39476400
2025-05-20T06:44:20,pgmb-1,test_queue_0,77000,39553400
2025-05-20T06:44:30,pgmb-1,test_queue_0,87500,39640900
2025-05-20T06:44:40,pgmb-1,test_queue_0,61500,39702400
2025-05-20T06:44:50,pgmb-1,test_queue_0,72500,39774900
2025-05-20T06:45:00,pgmb-1,test_queue_0,80000,39854900
2025-05-20T06:45:10,pgmb-1,test_queue_0,77500,39932400
2025-05-20T06:45:20,pgmb-1,test_queue_0,81500,40013900
2025-05-20T06:45:30,pgmb-1,test_queue_0,77000,40090900
2025-05-20T06:45:40,pgmb-1,test_queue_0,80500,40171400
2025-05-20T06:45:50,pgmb-1,test_queue_0,82000,40253400
2025-05-20T06:46:00,pgmb-1,test_queue_0,75500,40328900
2025-05-20T06:46:10,pgmb-1,test_queue_0,21000,40349900
2025-05-20T06:46:20,pgmb-1,test_queue_0,84000,40433900
2025-05-20T06:46:30,pgmb-1,test_queue_0,95000,40528900
2025-05-20T06:46:40,pgmb-1,test_queue_0,67000,40595900
2025-05-20T06:46:50,pgmb-1,test_queue_0,62500,40658400
2025-05-20T06:47:00,pgmb-1,test_queue_0,75500,40733900
2025-05-20T06:47:10,pgmb-1,test_queue_0,77000,40810900
2025-05-20T06:47:20,pgmb-1,test_queue_0,77000,40887900
2025-05-20T06:47:30,pgmb-1,test_queue_0,111500,40999400
2025-05-20T06:47:40,pgmb-1,test_queue_0,98000,41097400
2025-05-20T06:47:50,pgmb-1,test_queue_0,102500,41199900
2025-05-20T06:48:00,pgmb-1,test_queue_0,123500,41323400
2025-05-20T06:48:10,pgmb-1,test_queue_0,121000,41444400
2025-05-20T06:48:20,pgmb-1,test_queue_0,105500,41549900
2025-05-20T06:48:30,pgmb-1,test_queue_0,112500,41662400
2025-05-20T06:48:40,pgmb-1,test_queue_0,115500,41777900
2025-05-20T06:48:50,pgmb-1,test_queue_0,112500,41890400
2025-05-20T06:49:00,pgmb-1,test_queue_0,112500,42002900
2025-05-20T06:49:10,pgmb-1,test_queue_0,114500,42117400
2025-05-20T06:49:20,pgmb-1,test_queue_0,115000,42232400
2025-05-20T06:49:30,pgmb-1,test_queue_0,114500,42346900
2025-05-20T06:49:40,pgmb-1,test_queue_0,111500,42458400
2025-05-20T06:49:50,pgmb-1,test_queue_0,114000,42572400
2025-05-20T06:50:00,pgmb-1,test_queue_0,114000,42686400
2025-05-20T06:50:10,pgmb-1,test_queue_0,112500,42798900
2025-05-20T06:50:20,pgmb-1,test_queue_0,108000,42906900
2025-05-20T06:50:30,pgmb-1,test_queue_0,91000,42997900
2025-05-20T06:50:40,pgmb-1,test_queue_0,70500,43068400
2025-05-20T06:50:50,pgmb-1,test_queue_0,57000,43125400
2025-05-20T06:51:00,pgmb-1,test_queue_0,78500,43203900
2025-05-20T06:51:10,pgmb-1,test_queue_0,61500,43265400
2025-05-20T06:51:20,pgmb-1,test_queue_0,77500,43342900
2025-05-20T06:51:30,pgmb-1,test_queue_0,102500,43445400
2025-05-20T06:51:40,pgmb-1,test_queue_0,124500,43569900
2025-05-20T06:51:50,pgmb-1,test_queue_0,124500,43694400
2025-05-20T06:52:00,pgmb-1,test_queue_0,122500,43816900
2025-05-20T06:52:10,pgmb-1,test_queue_0,122000,43938900
2025-05-20T06:52:20,pgmb-1,test_queue_0,121500,44060400
2025-05-20T06:52:30,pgmb-1,test_queue_0,120000,44180400
2025-05-20T06:52:40,pgmb-1,test_queue_0,119000,44299400
2025-05-20T06:52:50,pgmb-1,test_queue_0,116500,44415900
2025-05-20T06:53:00,pgmb-1,test_queue_0,117000,44532900
2025-05-20T06:53:10,pgmb-1,test_queue_0,117000,44649900
2025-05-20T06:53:20,pgmb-1,test_queue_0,114000,44763900
2025-05-20T06:53:30,pgmb-1,test_queue_0,115500,44879400
2025-05-20T06:53:40,pgmb-1,test_queue_0,112000,44991400
2025-05-20T06:53:50,pgmb-1,test_queue_0,113000,45104400
2025-05-20T06:54:00,pgmb-1,test_queue_0,109500,45213900
2025-05-20T06:54:10,pgmb-1,test_queue_0,108500,45322400
2025-05-20T06:54:20,pgmb-1,test_queue_0,108500,45430900
2025-05-20T06:54:30,pgmb-1,test_queue_0,107000,45537900
2025-05-20T06:54:40,pgmb-1,test_queue_0,107000,45644900
2025-05-20T06:54:50,pgmb-1,test_queue_0,105500,45750400